name: mastering
channels:
  - conda-forge
dependencies:
  - aom=3.5.0=h63175ca_0
  - attrs=22.1.0=pyh71513ae_1
  - black=22.10.0=py310h5588dad_2
  - bzip2=1.0.8=h8ffe710_4
  - ca-certificates=2022.12.7=h5b45459_0
  - click=8.1.3=win_pyhd8ed1ab_2
  - colorama=0.4.6=pyhd8ed1ab_0
  - exceptiongroup=1.0.4=pyhd8ed1ab_0
  - expat=2.5.0=h1537add_0
  - font-ttf-dejavu-sans-mono=2.37=hab24e00_0
  - font-ttf-inconsolata=3.000=h77eed37_0
  - font-ttf-source-code-pro=2.038=h77eed37_0
  - font-ttf-ubuntu=0.83=hab24e00_0
  - fontconfig=2.14.1=hbde0cde_0
  - fonts-conda-ecosystem=1=0
  - fonts-conda-forge=1=0
  - freetype=2.12.1=h546665d_1
  - iniconfig=1.1.1=pyh9f0ad1d_0
  - libffi=3.4.2=h8ffe710_5
  - libiconv=1.17=h8ffe710_0
  - libpng=1.6.39=h19919ed_0
  - libsqlite=3.40.0=hcfcfb64_0
  - libxml2=2.10.3=hc3477c8_0
  - libzlib=1.2.13=hcfcfb64_4
  - mypy_extensions=0.4.3=py310h5588dad_6
  - openh264=2.3.1=h63175ca_1
  - openssl=3.0.7=hcfcfb64_1
  - packaging=22.0=pyhd8ed1ab_0
  - pathspec=0.10.3=pyhd8ed1ab_0
  - pip=22.3.1=pyhd8ed1ab_0
  - platformdirs=2.6.0=pyhd8ed1ab_0
  - pluggy=1.0.0=pyhd8ed1ab_5
  - pydub=0.25.1=pyhd8ed1ab_0
  - pytest=7.2.0=pyhd8ed1ab_2
  - python=3.10.8=h4de0772_0_cpython
  - python_abi=3.10=3_cp310
  - setuptools=65.5.1=pyhd8ed1ab_0
  - svt-av1=1.4.1=h63175ca_0
  - tk=8.6.12=h8ffe710_0
  - tomli=2.0.1=pyhd8ed1ab_0
  - tqdm=4.64.1=pyhd8ed1ab_0
  - tzdata=2022g=h191b570_0
  - ucrt=10.0.22621.0=h57928b3_0
  - vc=14.3=h3d8a991_9
  - vs2015_runtime=14.32.31332=h1d6e394_9
  - wheel=0.38.4=pyhd8ed1ab_0
  - x264=1!164.3095=h8ffe710_2
  - x265=3.5=h2d74725_3
  - xz=5.2.6=h8d14728_0
  - pip:
    - cffi==1.15.1
    - llvmlite==0.39.1
    - matchering==2.0.6
    - numba==0.56.4
    - numpy==1.23.5
    - pandas==1.5.2
    - patsy==0.5.3
    - pycparser==2.21
    - pyee==9.0.4
    - python-dateutil==2.8.2
    - python-ffmpeg==1.0.15
    - pytz==2022.6
    - resampy==0.4.2
    - scipy==1.9.3
    - six==1.16.0
    - soundfile==0.11.0
    - statsmodels==0.13.5
    - typing-extensions==4.4.0
